52444128 51636389
41350417 40576401
51360433 51220519
45145319 45016773
45747635 44927077
44773721 43972666
40093377 39303498
51647800 50860069
43945735 43815732
51563654 50815176
55607328 51332249
38218496 38072134
49962527 49828274
38100596 37958966
52451322 51236588
49962882 49829567
43995964 43868047
49140022 48997612
38268431 38131523
51797027 50171319
51348396 51218734
41219156 40461105
44520627 44380265
52427276 52286643
53348044 52615042
50654405 50516443
66968314 66205619
38300415 38167622
52099367 50867081
40304305 39554913
50416500 50286092
50326999 50183596
49663340 49532310
41165407 39901118
51662085 50915347
41501733 40738105
38531121 38397026
59525747 38010467
48659610 48524158
68019957 67278622
49758067 49004221
40243508 39552055
58017222 50243763
38775091 38650060
49832234 44033728
37690501 37561765
45982264 45179228
50037215 49897263
40108845 39458007
39158029 38371963
40044086 39325306
40736555 40017819
48298126 40048454
68334209 66707272
53440344 51848590
49399573 49271251
38019353 37883617
45323944 43293119
52507089 51715695
43754129 43610836
44574585 43855945
52088450 50912899
49599067 48835595
42887857 42758339
40404690 39736648
39142997 38441160
48781734 48642423
40759920 40036469
49697436 49563828
68518058 66928236
50173296 49487512
45062716 44929763
50930402 48104109
67852862 67086825
53662560 52910793
39918805 39085073
38954485 38201599
67142845 66350849
40496145 39781567
51631638 50458733
54166018 52095825
40193306 39425427
43010557 42877114
39311424 39117966
52604034 52448920
46288002 45429760
51968086 49105583
39840333 39151681
51629137 51498830
47999488 47861732
48068082 47935570
52056338 51356120
50293227 50116083
38780912 38057194
40889036 40157648
53282196 52466631
48076876 47942805
49901263 49146268
67394556 66636363
52362050 50804973
41998029 41264068
39152891 38990082
38242744 37520446
38171904 38039303
50599271 49928017
44239513 44097759
43756175 43614223
39710349 39547948
40869106 40186289
44740821 43963365
44745404 44009293
39332962 39195584
59341593 51315009
53703735 52903002
52300917 51522551
48361652 39961807
52519438 51825669
39311417 39166688
39438458 38738554
52188144 51384736
53353277 53210551
50359162 49562894
59255317 51455876
54143807 52077617
52032350 50400713
52031134 51890907
51943791 51800515
58705355 50909147
44517457 43810985
51485316 49960704
52292852 51600968
51240000 51111429
38433268 38291008
38603129 38469067
41385437 39280282
51966720 51186821
49540423 49387913
44025967 43894099
68299730 66537181
39354651 38675042
51217898 51072351
51115671 50983939
42379040 38804023
39273349 38542672
43820135 43687693
48350563 47525471
45020434 44853110
51849829 51690319
38940081 38143487
54132829 47856112
40110559 39399088
37679469 36917365
38045243 37901759
53748449 53027933
51904606 51220848
52299142 52170317
51903954 51211752
51132732 50391935
44997231 44230660
39961546 39184005
40969907 40262688
42926813 40969222
48859205 48079381
44121841 43990609
52453356 51768095
40706825 39940020
51311434 50586895
39359974 39204372
38967680 38836535
40120363 39408840
53031122 51753255
38289603 38158431
52505428 51336969
53727938 52046736
49081441 48345042
47931509 47190899
44648541 43845737
37955774 37801716
50268241 50117213
38238188 37527679
58409224 38687563
45856997 45067891
47024274 46872578
50757648 50612197
48871694 48724960
40049878 38875231
58822146 37322516
45005371 42861371
48555795 47762091
41034381 38990141
44853685 44159061
39692226 39558396
51129805 50989742
42392549 38784217
49672064 48896981
40909084 39754714
38199279 37410111
51111263 47661884
52582653 51779419
38328546 37548892
47552574 47412138
38501642 38372163
40459758 39202075
50775374 50637838
44064815 43929122
51715547 51586499
49894629 49758893
54908719 52817632
53554935 52750863
49686047 49553875
54311756 52154942
41725887 41076397
48782708 47183661
56863656 49682089
39228005 38567404
55319185 54642508
52481901 52346282
40276788 39499553
52760116 50980363
50037414 49899345
44230240 43504740
51333932 50621231
40284036 39541864
47973535 47837463
40023983 39311798
39724775 38978646
40500667 39714959
49407298 49239644
43849563 43704075
43307266 43170741
47794277 47651266
52200853 50565098
38727611 38594702
48887640 40518225
68181807 67409128
40424672 38429842
40413163 39710669
51523074 50827976
38700679 38545190
51252020 50628451
52830274 52076312
38412265 37643484
39100205 38972938
53520057 52693596
38582178 38446287
46298379 45451615
39370715 39234025
40342636 39667355
39082724 38323308
54785059 53110377
39936889 39791021
50826049 50071617
40980921 38878941
39129352 38999772
50321873 50191196
60249992 39880591
40314351 39489725
38949305 38819812
52803215 51116728
44716564 43937825
52684169 51868183
51389425 51257697
41358891 40565071
51203043 50546520
39370338 39235218
48927857 48785189
43582089 43418164
50678829 50547348
38676414 37867918
53043718 52165894
51648223 50847846
39624890 39472248
40322540 39532236
39704537 39071099
51224344 50593426
51851339 50692391
39941353 39190735
51200002 50476701
53286923 52460042
52751179 51998159
48806689 48676844
47889011 47201478
45230322 45100172
38943506 38778043
54257557 48051123
51878714 51101588
51931130 51186196
44756851 44628002
39039092 38894391
40225902 39415159
51856721 51125383
42814404 39207820
51326641 50520155
42406002 40350716
51315746 48435705
51347806 47863446
68713747 66916322
45499537 45369631
52103051 51333067
51502159 50725455
52023697 51368630
39603953 38922443
48337009 47467120
39551876 39418471
38948390 38815210
38819425 38685766
49295078 48471649
37997966 37856215
53307252 52014178
52881212 51688986
49439197 48637012
52053350 51324534
39689892 38966548
51767849 50593412
52886716 51287205
41928692 39852051
42836363 39210208
52883074 52023838
38710629 37926574
50371898 49555856
52307861 51494754
44545693 43787848
44576287 43889446
49096101 48956844
52306557 51570407
41065837 40249781
42583391 42448485
39607387 38895662
45072502 44940200
55406192 51255464
50061386 49281459
50337831 49158738
47820525 47677574
46490639 45573414
51585672 51448220
38415127 38280016
47988999 39568269
42986669 42846174
51434154 49801731
67269596 66447252
46974270 46019392
38429707 37617367
53602556 52851076
39883130 39096114
53584750 50322627
51119969 49937439
40282810 39086528
51727289 51587379
47918756 47789917
47009617 46880515
50663273 49521080
42108390 40039766
50360855 50204476
50842154 50129031
50869178 50149258
39878341 39173067
40931294 40089242
38844821 38710195
59005592 37494534
38494389 38359037
42975995 42836376
51282654 50530855
44321458 43584505
39048903 38904998
39016022 38872462
43221095 43085645
40176023 39171564
43146535 43014706
50999733 50868768
44565785 44431143
40214787 39544676
52982902 49846795
49083714 47555214
42190294 40050371
51130816 50328064
43741923 43608751
52304544 51536056
49426699 49290259
52059206 51274559
50986664 50263307
40614181 39818010
43744193 43600022
40944438 40182532
40787697 40073211
39876654 39104771
52046566 51380998
49376954 49238037
37886091 37751101
52383108 51648381
39852041 39128717
44811058 44071148
40717937 39642844
53425390 52648712
51499793 50744298
48964430 48832814
46330370 46194194
42239659 40219670
39528764 38787368
42733684 42592789
43958997 43819132
51355337 51206558
51683571 51539018
52890776 52090187
42856916 39405492
40349738 39551309
38993333 38859292
39062611 38307320
51303739 50493848
52209074 52068884
49552443 49416266
40323655 39229360
52531741 51744903
40530714 39803000
52883514 52127502
40350368 39139885
47895094 47768957
51370373 50671715
50711662 49902637
38097536 37373531
52200708 51543791
38199063 38053406
53396198 50083861
39168481 39044810
52218425 50893174
52652278 51888047
50692688 50003067
40801074 39511142
52882291 52183024
46536170 45602412
38763978 37984620
41051745 40219730
40478070 39727196
46160391 45350311
40152293 39366547
50796263 50047231
44679651 43965871
41057794 40286501
55099714 54928734
56248052 52055202
50616393 49345908
54286717 49150064
44551743 43822235
51671232 51523428
38806317 38668105
47349429 47217479
48478236 47663295
54443155 52426077
38450703 38318316
44750863 44614535
51185473 50363059
51668811 51532925
42642839 39146881
38423407 38292116
47016751 46089783
41004807 40152864
49077925 48945754
40444217 39650645
38985945 38854124
52275449 51508742
40656536 39901639
49861180 49725598
41992097 41856444
43330774 43156429
59564389 51586120
51391453 50604113
50667980 47205528
50607009 49822743
50918992 50130608
51141902 50361796
52777039 51504035
42523753 40454011
40477821 39673338
40094509 39964480
52759649 51952661
40716071 39991296
38110443 37304326
52157162 52017938
68531295 66892414
41271653 40510331
50397038 50257039
49952117 49819899
60287273 38661657
42231667 41470167
53928396 53194666
41736359 39652049
53067515 52932555
42948509 42814343
58161068 50142562
39284968 39152908
41348110 41218456
44166738 43386877
60058219 39813948
50283704 49525179
42081037 38433330
51899204 51764905
42161429 40135581
51757268 51055525
39063169 38922042
46163852 45285968
52566318 51258539
38783298 38649846
54721335 52610492
41296918 40564807
55983542 51856844
49493271 48748652
68179331 67497307
51622057 51485800
38474729 38336994
40658826 39054556
51638538 50938895
40824005 39505260
48416408 46935848
38565380 38407262
51975946 48484130
40488363 39777271
53446830 52664866
40341495 39582978
51147675 51015294
44535708 43793082
52910577 52787029
42851715 39094817
50849900 50718435
39735207 39606893
38529520 38395950
38923723 38231389
60381793 40322592
52656412 51885581
50305418 50168080
38419911 38271209
43435854 43282030
38426414 38255518
53142337 51522994
50832540 50696707
40147394 39469209
39929203 39199704
39445421 39259900
40500322 39707801
43867641 43138468
39823309 39075157
40423272 39188497
40161262 39487043
52540352 51837002
39816455 39077372
39675700 38992184
39978760 39829490
53447291 52775020
39727672 38910072
39596383 38863079
53634337 52420446
52346017 48738509
51226135 49652407
44316895 44189329
60778764 40562416
58809483 50952877
52021272 49180787
52374453 50692849
40981599 40189725
49981771 49852432
51541177 50886819
46684611 45828238
50332595 49518389
43228104 43092738
52466608 51230011
48772333 47588802
42362213 38924611
38605190 38467378
51448442 50624941
41179738 40398026
44335307 43627407
45995802 45253259
50031682 49855741
49771488 48972879
50516074 50387989
47513402 47377339
49484503 48787907
40517867 39796488
52356352 50356295
51824884 51128643
39938559 39313917
50599476 50438970
52284927 51557051
60955355 40572847
40480223 39768814
46315875 45343299
42600522 39187096
49585674 48854703
40108191 39341079
50931240 50803264
39062456 38341866
51473612 51327100
39313138 39137591
43684522 43518633
47315449 47167606
51207950 50577210
53675812 51584909
39779601 39016187
52122860 51431816
53200150 52514902
43200248 43038410
48069356 47917116
53142736 49866379
38472303 38341947
59758879 38058218
42675365 40665010
54340361 48133565
41614647 39464459
38859169 38719880
39883549 39750400
50988507 50349357
40824645 39548869
52055825 50456778
45083423 44324505
46616423 45907247
55319171 50301342
38162159 38007382
40373074 39538048
40170031 39433794
40182187 39466446
49451978 49316270
40126219 39319190
40003528 39265461
44102386 43968741
47621954 47488524
44159227 43431622
43794768 43657754
44772080 44011507
53601066 51447442
51565054 48023726
39651032 39500502
52983346 52858110
39926339 39171530
44740439 43959577
52476096 51729112
49777181 43818072
39214212 39085357
46697575 45948324
40921270 40255697
51112311 50979614
39915370 39156156
50566639 50438470
51468058 50681726
39574232 39443611
52912432 49740965
40329888 39632795
51919581 51132968
43098962 42972909
50758986 50064330
38823014 38669398
51922676 50321193
49765661 49042750
41039085 39777920
44664672 43996704
42227473 38520680
40156393 39370416
38849169 38167728
49057640 47832061
53109402 52386125
40935497 40131872
52098958 50454697
52193817 50451297
53187301 49906940
39356113 39232612
40884001 40181485
49468444 48797901
52301237 51608572
42917778 39372471
40585364 39862949
50329345 49575770
49871217 49713953
52110542 51329147
37849075 37723014
51076518 50398588
50529247 50407379
39337868 39211004
43697436 43558137
39183709 38359561
48878396 47649569
44381611 43657826
38221003 37483236
39165238 39022381
44708824 44574511
47663596 47533553
49474209 48750084
40072065 39298585
51596072 50843013
39104894 38968469
48436004 47545813
52095890 51961815
51813128 50150355
38705920 38577690
43801776 43066585
39386418 38601513
52926339 52100012
49986482 49352204
53296754 50041588
40704660 39548073
46421286 46287522
48105148 47965406
42945042 39240019
44991822 44152048
50773802 50642505
45159689 44430646
40417301 39685227
44736116 44006954
38597987 38443440
54921199 52835914
49571872 49443941
51766715 50151003
51280765 50619606
52432395 51766024
43083983 42945448
48469192 47037074
47604995 47465724
51913080 51179888
50796230 49695368
45730505 43576287
49376254 43489328
37807522 37114313
38206641 38068440
39112554 38366060
52872793 52084682
52011061 51878964
46633962 46505373
37370223 37207548
39410542 38777774
49110393 48969858
48605838 47928391
52756553 52070926
51199385 51057310
48946990 48209063
50633568 49963869
52107767 51486147
49848327 49715223
43303351 43168112
49236531 49099735
54993527 50853256
38277718 38148590
40676394 39515364
40002035 37867257
45022638 44299945
68812677 66777150
40954945 40163677
46490822 46360589
50325418 50179257
52504372 51793807
43869175 43207487
44124604 43444122
44392201 42363218
42037213 38543008
54233436 50871538
46178422 44150021
47941836 47808946
59735913 51825588
50518405 49773845
47674671 47555418
36026226 35891008
53978216 49841752
39384209 38655089
47066054 46917039
50223284 50065086
39452786 39320766
49683741 49556294
49995663 49850955
40044328 39349435
41446441 39462947
52038849 51287291
51700461 51035527
52078759 51946762
51661662 49527977
39083694 38413756
50270694 50124932
53060413 52918340
47483260 47357853
41182327 40466899
42590047 38902482
50934279 50809060
38692225 38561972
38507734 38388376
50935033 50760150
50076984 49393562
38918870 38774855
49705507 49565632
50878465 49693788
54100593 50824998
45120473 44430170
40398435 39707218
46156996 45523517
37399691 37273474
49571893 49425206
38548139 38386532
52412542 51728211
51851596 51215054
50508264 48934361
50770498 50638984
37910962 37167954
50732899 50586718
50018539 49894917
52095754 51330445
51117152 49500917
38623349 38485207
47440462 46343466
39622794 38943123
51596196 50952693
44481560 43756260
38640338 38501579
52610383 51856345
40026380 39332771
46394633 45587852
47002083 45898804
44356038 44226367
39778433 39061081
59243750 37432386
39870764 39221976
43580121 43449643
48435484 39875092
44240129 43514490
52051840 51374110
53609616 50261855
51813255 50185323
44148042 44007596
39595921 38888797
42971390 42836063
50481438 49766411
43571424 43425652
49625594 48882427
40057153 39401860
51244887 51113439
50764441 49201606
41878936 38193787
43139703 42999662
39969888 39838952
45625577 45490029
52023833 50828360
52254193 51003100
50195219 49514771
51662251 50961419
50618777 49995730
55721566 51381652
43368894 43217156
42667685 42536307
38248055 38090695
40375244 39660150
39037103 38894906
43249131 43112034
42822722 42694190
54727362 52605166
39964542 39197263
45071085 44369318
39989543 39242436
39872830 39024782
50672066 49135875
38376120 38249320
50850067 50155375
47921817 47257071
37675599 36924368
49203956 49073196
50283190 50149558
39912384 39785478
49092632 48448336
38762662 38614549
50816005 50673189
51629112 50372719
52157118 51475698
41490757 39553510
38694882 38566169
51282955 51152622
39088009 38932583
38100530 37964629
38524779 38374037
37862737 37737455
67165528 66489433
53549139 52766561
38819602 38652805
44080490 43340245
40094557 39371014
50788064 50658020
53299970 52092891
50516801 50348830
40196719 39511222
50611308 50484461
40670077 39897210
40242549 39555582
52438707 51660743
40681988 40552787
52797163 51223871
49853176 49715584
38095601 37961061
52040201 51337268
38050077 37337014
50953986 50272103
47926145 39643289
38260908 38129308
36536372 36398372
47013528 46322380
50474181 49756140
38570926 37906520
57723021 49872962
40464383 39718510
51629417 51471888
51175219 50539776
46918307 45707770
41034627 40315329
49292163 48635230
51844982 51712440
51444313 51302879
51633384 50952810
50905009 50720232
43430202 43292155
68110040 66547935
40469810 39726330
42423835 40377464
38233947 38089673
52037331 51905189
38323622 38194934
41046482 40388107
46999762 46857672
49049867 47875187
52260586 52131079
70172915 68100681
39924525 39201156
49976266 49843395
52522666 51795394
52301405 51477272
52170264 50933150
40380252 39614386
52107997 51296260
44213872 43544191
57607967 49869890
39351750 39225647
44307903 43615546
51818391 51070383
50774117 49575414
51464678 48627266
43405474 43276613
38444882 38310063
43263776 39048498
43694999 43537859
39347778 38635227
44431009 43608555
46306079 45602393
49848830 49158542
44843612 44096872
53644280 51980256
40326179 39574665
47367237 47234624
40795762 40093004
37653038 37519789
51071933 50942218
39458882 39315968
51055403 50921045
38529832 38399975
52277400 50056175
51103303 50304375
52105239 51446398
53241359 51244272
47432663 46640098
68746743 68006271
50156503 49493623
54460650 52297862
50081829 49940666
45075500 44946176
66643172 65912562
50230079 50078678
43730504 43565519
40022748 39241136
50879166 50738144
39391162 38673185
39724679 37568840
38203023 38067000
38107620 37966481
51833787 51144388
68049317 66402221
52026355 51376909
49553016 48874358
42956533 42291403
38231520 37501250
50000788 49866993
37272901 36520802
43192112 43051493
51130067 50429437
49182987 49027568
51743283 51054748
43370716 43239764
57770876 49973729
39150568 39020209
51937418 49836368
49603639 48897463
52279023 51445585
42348037 38597903
39235182 39055624
40470512 39695569
51248133 50590179
39349980 39189023
49931573 49764823
39899036 39224564
39452504 38846141
55876532 51637606
39334960 39202390
51210800 51076969
38433295 38302077
45014967 44282340
47205863 47065229
44544010 43871084
38674724 38027698
50242628 50107483
38681586 38527737
40604800 39768746
44749023 44622834
50958236 50173074
38588447 37886069
50738105 50043329
52335617 51190270
45019006 44361757
52795274 52091022
42184161 40172224
44051616 43354417
39320743 39160135
53480978 51826342
51690991 51555385
46927488 46789304
52110558 51368383
38403848 38259872
47034544 46901983
39995026 39409715
49684580 48500280
39108639 38982525
52131655 51424733
51364740 50653248
50168671 49487344
39736740 37668594
43940423 42026028
49416568 48324082
38344802 38193286
51798607 51134494
41203018 39093063
37767811 37613399
37793305 37100938
53621676 51927786
40264321 39518285
47781654 47077240
41021528 39944661
40832976 40057272
39214915 39074585
52791441 49554138
60502166 40293961
41553652 39498483
53555633 52793077
40868369 40732064
39176832 39018546
39158882 39024951
40954731 40174075
48004510 47874236
40151642 39352501
40908019 39686319
39596363 38887290
50987711 50282280
51243508 51108848
43905392 43153744
52142001 50922214
53347452 52524026
43400826 43268624
45257657 44484081
38680903 38544828
39164571 38433643
42616352 38877443
40776307 39950544
51556559 51406263
52216174 51387105
51536854 50702924
40356935 39564271
44628850 44447926
41618676 39551216
38787776 38651564
48307917 39930939
43716834 43586068
53649778 52908165
43778791 43631940
39471449 38738307
51883529 51750492
47712128 47577176
38893358 38761990
52663376 51854594
53184806 52313008
51674055 50949595
53917815 52194462
52069312 51902977
51137618 51001952
51304536 49682075
47784316 47642752
39020851 38880592
50604436 49395949
51618162 50939431
40545388 39743532
40063747 39325322
40745905 40001521
40102389 39354426
39857257 39714053
38884759 38749716
56450887 55600258
52759917 51522067
48841318 47225922
49135520 47961412
39763853 39059884
40121602 39317611
51679009 50901086
52537607 51775428
51127369 50992314
49060226 47752905
48176232 48034216
38901906 38768734
52430826 51668289
50889627 49648700
52516469 52386073
40459827 39785721
39199631 39069772
44239478 44111386
52294016 51066964
39624850 38889695
50727492 50595378
40381383 39279206
38987115 38861180
40592822 39468645
39156833 39000324
53073480 52324901
40191784 39473029
43530237 43402302
51927663 51247223
39710090 39578256
51380936 50684625
43206596 39405061
40655151 39887240
50864528 50730450
51001885 50301110
51948541 51206584
39672763 39542616
51905318 51775516
55701271 51407608
59673384 39706043
51634285 50972425
52964292 52254139
38892807 38162254
39279152 39145799
44153375 43469138
44306309 43583777
48053011 47914926
48338571 39951531
52825766 51460147
39997276 39194142
45503527 45366111
50039799 49905045
44783352 44032483
39543819 38868820
41777482 38128737
52196399 51409756
41019546 40891244
40217801 39450898
39889618 39110083
50816462 50655372
54772902 52620843
40646030 39822513
46064402 45172826
38581021 38443782
52068705 49850212
50673815 50538398
51498265 51359693
52425361 52288962
52317048 52171820
38920979 38771719
40802922 39573164
52251953 50973886
43978161 43180842
38944600 38805506
42851908 42719634
38405713 38264846
50963639 49649591
49080999 47750876
51121250 49873855
39145825 39001795
53023385 52156756
39394845 38553078
53174597 49948783
39723273 39586934
47449332 46683186
38627736 38493233
56250265 51958021
58564357 50551143
39514582 38689434
38860915 38723510
40829960 39627207
51624283 51486857
51294008 50086855
51341696 51206172
47559193 47426480
40881722 40078881
38303225 38154986
51422572 50703872
40631269 39774415
51071870 50935052
52409055 51570272
42027838 41184216
67847167 67030738
50005618 49193576
49616417 48375225
41999579 39904215
52855497 52076277
50035950 49903084
53019104 51742612
41409184 40620596
50952512 50820157
54499614 48342041
39674779 39531290
40066654 39298807
48392599 48261815
51576815 50028809
43106677 42974084
51771284 51084019
47674851 47544383
51714785 50972877
51654596 50962700
52453679 51695730
48094275 47336641
52108115 51937655
53255576 52501332
47152766 47018734
53092442 51911276
47491158 47353350
44683663 43931802
44555171 43868406
54311713 52159415
47147653 47011043
40395731 39567760
43009888 42873657
40849444 39669976
39772010 39068914
49719586 49579142
49890504 49106584
50066821 49932725
54027155 53247209
38551097 38415617
51654513 49942063
52091512 51347746
64320619 38656115
45358219 43279868
39353903 39206435
40218723 39431793
49888547 49748193
43397784 43264870
40241651 39486711
48570385 39711684
53559644 51487793
50348911 50217407
39998074 39864571
39032689 38178676
39263554 38525889
51679406 51537666
52747316 52018215
46842133 45949763
45995094 45821707
53844767 52578763
39575947 38884373
49207267 48502621
40611202 39386705
68622296 66503643
38342163 37584987
47881261 47750559
39810183 39059822
50535328 50362399
38966178 38229902
40270238 39118156
54900509 54197489
39934384 39148810
51298449 49692370
38952445 38815790
52677035 51982411
51318120 51133595
50574543 50439868
39854072 39082213
67122637 66362516
50427916 49258964
48927496 47766982
40305528 39190504
41102299 40355368
38414800 38249390
54466539 52760344
39257474 38467349
52339072 51053786
39133713 38439422
43689232 43556039
39733319 39037337
38805387 38046940
52006081 51223954
44208573 44062746
52249132 50544007
43966374 43834173
51396698 50752981
38828595 38686346
49088865 47812988
50923629 50781777
39590122 39434267
52285389 50659182
52177840 51436548
48536426 46970897
50272290 49479874
49422385 48637010
40670707 38571181
50578616 50440607
52152933 52013769
51605898 50922735
40853631 39684475
48972328 47766509
40597365 39933901
58893363 50533539
41456873 40597107
44219734 44085314
53178535 52381858
51651663 51518386
40526741 39766557
46345158 46207710
69899851 69131820
40463938 39291945
42638925 42510955
