44619516 44485039
41083307 40309109
52962213 52223143
40936324 40177723
40701519 39505798
52635640 51849076
44293954 43551706
51854928 51711927
40166455 39312345
60747651 38322345
52340896 51603604
39647289 39506122
42811502 40780018
44753980 43971531
54402947 53678008
51246984 50497095
44231998 44071139
48899302 47683784
39371901 39235646
39223170 38344284
50333775 50178072
48220511 47482773
51250883 50530826
40720225 39939786
68687426 66546147
52919193 52788488
40243394 39577688
41468701 40257734
51141977 51000406
38921658 38119534
54006569 47743529
55861418 51490192
40693115 39965250
40349224 39585864
56236981 51948316
49833823 41087804
48789011 48655077
44417413 44258227
41544685 40733379
50590653 49740013
52725150 51991522
44426653 44284449
52933584 52251886
39431702 39285048
51779754 51631265
39454721 39301372
53645531 52942969
40189495 39529433
52642654 51054391
44851533 44178445
40129474 39386976
40618037 39874332
50828850 50679250
53076518 52387248
52322994 51458734
67829348 67027126
52959175 52197747
51136218 49891357
39849391 39096195
40379158 39639143
53808269 47677839
60676377 40497501
44859578 44136617
53033136 52904326
40293125 39149842
39989100 39236451
51488795 51339787
54023520 51910016
38793053 38660093
50476456 49286546
51415172 50693578
50992972 50257271
48017100 47317005
51030391 50893433
48357964 47563006
48935770 40298780
39241590 39106878
40795499 38735820
52016718 51324094
50613440 49823577
38406051 37614766
48524963 48385866
50020311 49209323
39449016 39318178
46151639 46001542
40795899 39520059
46148956 46008467
39880375 39737365
40907306 40184116
39621675 39465476
41304278 40552174
40633470 39887469
39351811 39201746
44660004 43917525
40481153 39652286
51164303 51026475
56377586 52657626
39200545 38329006
40476656 39176917
39309014 39174743
51640049 51504873
52240073 52101093
40415928 39608483
38443006 38304738
39790519 39654306
39118065 38984811
69347364 67669606
39971508 39832576
52233375 51412888
38995225 38852066
51896731 51763407
40767593 40006817
39527036 39365743
50544987 50407228
52977168 51624741
52809875 52673757
54708570 52568259
52070752 51306691
52013310 49836434
51694398 50957378
40287712 39580077
50735156 49397719
57650185 49863505
41677211 40883678
50444185 50314978
50874916 50745272
39786308 39644710
43167699 39667445
47894934 43796078
50417921 50283474
44981213 44170486
54042192 52343117
51726250 49604971
50780160 50632896
39012125 38873135
53153458 52361335
51675007 51532644
49454468 48139022
40908471 40088374
45376057 43916690
52376788 51481936
41200400 40387733
39981480 39847102
48429804 48290510
49399720 49268534
43773731 39679037
41277882 40483814
40122169 39989235
40434414 40282482
52808908 51064444
48554017 47794543
51774849 51030835
40619451 39881103
46018731 45339470
38575329 37813921
52513430 51716906
56480624 52285713
53163831 52326857
49417604 48625723
52743164 51924020
52338162 49386510
51606904 50742246
54873025 54078871
52450023 51687113
39877050 39739869
39743408 38969908
51962838 51196452
50899283 50762038
48800012 47993268
50468806 49638000
52648662 51913813
50919984 50764122
39759252 39626854
39806031 39066377
51662301 50843063
39321240 38603730
51620105 49566411
51292449 50545812
58461360 50386616
39319546 39162897
48022057 47879120
57091535 52675563
47325367 46237857
40436684 39619974
39060371 38256177
40394049 39118848
39288958 39143874
52276050 51482057
50639745 49437956
53132806 51415886
51228966 49996211
53456040 52614215
40166215 40022078
39510393 39371073
44719802 44579737
50514646 49660621
53185897 52358120
39735309 38996227
40846254 40016121
40247531 39493891
53418042 52681685
39789704 38993071
47705598 47572218
81516447 76798519
47998171 47862732
51525862 50746093
46531919 44301283
50846269 50701928
50364900 50230308
69319351 67629466
47937479 47224674
43484449 41298721
53584577 52326467
45000482 44211397
48281164 47188879
50911371 50126656
53125403 52322632
60654331 40524265
52477546 51749371
51223606 50447395
39605970 39467782
41272580 40464211
50117597 49978824
50046258 49911025
39278334 39144699
52476300 50778358
39329883 38548426
39718935 38492159
59287243 38028682
47561764 46653127
45724432 45028186
52923770 52162484
51084087 50934124
40570891 39793343
47655235 47521511
40160280 38917580
54737929 52622716
39344385 38579533
39888355 39757134
46887765 46147578
39512210 38754558
47446250 46416823
42612510 40372895
41760667 40949559
52869605 52112988
40594172 39843431
39045347 38909038
46829698 46091695
58804095 50597040
45015471 44229641
64254465 38871869
39061354 38888487
39893266 39702712
49402013 48545441
40920732 40094650
40573081 39753243
39521201 39361833
41333157 39991795
44810250 44053594
48217990 48079015
61696271 40623072
39537748 39374100
40580164 39750471
61200451 40894529
56351787 52524560
50070655 49926260
38382215 37617053
51078739 50929326
54508397 49151672
46527988 45427397
39221547 39081144
53091350 51404190
52305012 52162851
56195161 51700000
50300002 44185794
51651592 50953251
38500419 37721659
49506844 48201436
39932430 39158795
61949065 41134864
39999075 39173529
46193680 45496149
68922027 66831447
39802471 39002392
37675749 37535914
51793754 51022865
52785065 51966184
53655186 50385319
39730992 38972883
39169484 39028537
52602669 51922630
54054492 51917816
40973009 39701803
52237917 48492660
54851095 51499639
52407310 51666687
44975818 44236061
39441411 39300724
50755673 50607670
44208461 44074711
40625911 39855356
47111373 46458302
52892931 52142630
39290264 38530524
50788878 49601105
49209206 40318636
45531392 44781387
40754849 39998731
50385508 44270075
44105698 43968981
39341981 39210103
51780147 50945553
61257213 40666723
49587541 43861442
39803108 39099029
51997365 51852219
52203854 52065575
40317592 39468903
45058253 44273837
51406916 51268124
53459337 51345804
40006139 38789318
51766471 51049989
52398727 51682371
54198364 52079259
51228558 51082357
39678199 39016083
52608446 51866772
39604610 39443165
53671396 51987155
50097776 48825220
44087245 43401352
52482861 51696517
52264788 51571765
39734410 38987106
44117255 43423475
50740843 49604594
38144032 38007147
51415414 50659726
40123092 39323525
53956301 52234338
52445559 50734763
38506409 38381090
53675658 52447521
50279295 50142173
52897061 52742770
41022827 40290400
57329912 53618141
51379999 50597018
53551980 53416551
53717336 52986499
48488265 48356182
50716328 44738897
44977281 44214352
51776667 51640505
50124573 49987986
42206303 41363544
41000055 40250438
54040563 51969221
41758433 40393917
40769818 40021535
45381099 44670885
68923274 67207028
39015743 38241438
44193932 44036229
50540037 50402812
52797077 52639767
43937253 43790541
50658892 49955758
43621589 43489125
38693869 37927733
38957826 38800802
40036622 39300559
43583293 43450055
38719936 38564268
47866368 47739500
40755584 40024625
40658566 39889604
42041326 38490586
60535232 40503372
52561113 51727505
51302285 51171667
40464693 39598698
49493563 49354965
41824571 41041045
40683643 39946749
40472002 39647600
42723332 39012996
40846625 40008895
51427564 49893328
39283946 39141727
39621403 38885491
39025860 38421324
52355375 51604711
43037329 39529785
55857251 51485472
42892017 39301541
55158018 53039906
39445879 38631064
40853976 39583765
43523536 41398388
55734857 53618047
43521765 43359898
40977698 40202753
44135037 43997581
40252240 39578050
40406824 39682454
48339770 48208874
40123878 39979172
39530865 38757834
41203640 40388989
41069462 40292059
41292991 40508935
39699704 38892462
40248411 39504894
40896041 40240627
46597103 45905642
52211277 52056669
40497516 39764202
44979472 44151787
39643055 39486899
49183967 47590033
52755307 51971795
38925209 38794838
40395166 39647498
40016787 39228984
41159486 39945014
52742447 51943259
52814302 52067318
56030480 51664303
51572076 50772809
52543954 51793828
51819601 51667551
41497105 40660414
48217791 47010725
56196331 51690544
43468701 39619964
51332527 51173839
51846349 51706517
49033650 48868820
39969532 39259221
39794613 39655925
48549262 47326512
55805274 51591798
51740779 51606826
49567369 48823513
58613754 51202813
39958353 37944749
38036160 37287691
44288820 44152953
41406722 40552204
40661600 39892925
51347306 50537547
50282261 49539535
52203168 52038232
43611230 40003064
52121331 51979588
39757458 39619554
51451986 51304596
61500781 41170211
46930230 46165267
51274780 50537441
40531133 39715042
38729059 37860605
40969602 40201801
45190952 44410742
53530955 52666904
39135749 38307667
50214461 50079683
47771482 47625061
38170828 38022999
43960581 43822304
42641852 38904770
47115251 46183977
43837492 43696151
40677657 38552975
44582066 44442224
48095828 47935804
68830420 68086285
40607584 39873357
52446040 50237763
38522126 38365659
40563917 39320445
51553523 50793179
55743099 51319023
50916522 50730913
50374734 50239542
51587374 50779021
53577093 52846844
51355628 51212398
47959361 47818129
39571889 39437435
40412711 39617501
53031762 52263883
40404843 39219957
47953129 47807016
69136118 67460480
49428459 49282882
52992695 51314241
40041736 39206201
48870994 40425057
41078752 39806046
48824056 48010843
40825117 40046103
39907834 39150138
45401564 45237646
40966646 39840543
40405001 39605490
50504685 49834615
52859450 52086953
52853358 52031097
40283195 39453854
51300615 51156967
44586947 43785855
51802644 50983350
40765758 39926194
52722303 52043955
40155122 39998217
40585848 39858611
50064734 49242173
43114757 40957126
40398788 39541406
52929627 52235410
52731880 52022077
52248687 52109989
52346839 51515892
39646406 39496014
52373469 51562002
51939350 50661285
39199342 39072785
50568707 50435300
48314988 47311231
60011998 51889280
51658605 51516209
52398064 50151263
59168857 50929320
69428492 67595709
40290700 39546650
39974381 39219216
39315350 38505668
39849460 39693920
51999567 50359422
40964904 40182522
47786483 47642460
39049943 38896775
41253947 40514306
44438812 44310645
39334320 38607693
51511261 50752885
56309168 52689956
52928556 52247980
50194156 50057783
40436518 40294692
43052995 39133319
52428597 50703254
51074777 50938030
40804719 40106448
40669616 39978876
47052932 46071575
52842491 52697862
52554844 51625212
49492193 48269218
39940205 39147837
47551565 47405852
52579355 52442777
39135024 38340150
41650516 40409973
41122887 40354202
52751087 51945947
55693787 55551083
39077173 38245166
48849118 40390487
52902188 51254420
52162396 52025379
39908870 38600362
51868585 50614054
40857161 39541484
52150359 50467631
52552830 51768823
41428346 40620624
41648076 40779729
52138369 50841796
54000385 53170811
39845785 39699016
40083222 39943941
40629182 39793766
52974168 51641285
49988144 49160855
52129002 51971500
40464081 39624968
51941350 51116241
48186127 48049670
49062213 48238798
52944590 52166774
53029749 52219208
50071099 49317444
51965958 51250597
44839872 44082151
51948110 48364233
43389724 39806459
40070647 39242542
41193700 40407066
41161532 39050576
53357555 51636561
68327214 67484116
41181707 40335202
43456632 39826517
38867181 38730012
48346427 48212255
41307749 40128036
51110308 50949560
51762002 51622131
40009435 39201170
53160769 53029368
40577794 40442035
50709492 49887954
40099788 39949390
74867422 69930812
53385685 53221595
39953337 39301806
69568880 67422795
40741902 39938822
39701854 39567737
50671033 49440673
39415722 39285646
39856567 39060921
40181126 39412961
42037195 39889927
45504162 45371330
44575346 43844789
67929142 67103738
43915221 43769284
39065170 38932649
48040289 47274058
61719831 41100984
40345325 39527337
52101677 51324547
50261991 49485569
39409564 39268082
41241798 40089376
54763429 49397074
40590097 38477202
44769301 43959617
50679340 50516742
47349961 47199717
39623173 39492345
40500856 39736178
68405639 67615072
52617172 51348999
50989819 49759095
40554551 39858856
41215335 40460729
43869913 43733043
51972359 51143530
53535908 51887097
51790642 51008765
52908856 51591254
52373281 51622410
41078066 40346199
41186718 40481105
40073998 39276234
52939606 52805800
41731061 39546019
48275368 48114654
45198069 44397134
53928843 52307100
45037445 44904292
47537184 47376872
52689960 52545123
41647284 40904740
41083569 40361330
52295711 51545871
39928431 39162296
39886507 39225937
39740775 39594876
41813305 41085662
49848108 49071001
49777106 48984814
40450927 39793979
51244436 50557296
40512625 39734550
51902515 50698726
38857556 38729410
48373586 47557205
45841729 45692584
38381101 38250855
53081940 52335724
45335356 45198399
68600885 66884035
51251871 51126359
53348239 52594773
47768722 47007885
40859554 38737136
52221542 52097587
39992731 39150116
39101008 38344697
38542522 38394428
52626369 51856466
59469584 51663274
60397540 40411728
39553027 39420218
44952624 44814122
59585862 38187065
44572424 44440181
49696860 49558811
45948165 45809188
44814754 44019951
46568705 46444763
41772395 41082539
43650439 39994283
40776657 40635853
40557333 40413949
68769148 67909425
47890512 43985715
51347976 50527489
41637700 40821463
38430085 37714446
39894573 39237508
51309678 50555977
48451485 48289279
51047366 50215680
44399097 44266071
52650099 51399628
53118737 52322565
61652472 40987350
50565624 50436088
47916940 47770072
40061366 39307175
52521549 50838054
52724414 51989147
39873714 39711576
43281058 39560410
52300864 51577723
52478988 51186798
51590570 50760927
51735702 51600469
50896598 50759519
40515743 39748631
40578321 39821899
39670296 39008914
49799624 49656181
46501428 45610325
39193605 39045182
41640032 39516823
47629606 47500366
51589633 49980915
49567037 49435999
51662193 51526296
52165282 50371225
40925320 40166187
52160233 52001610
39022814 38864041
52444775 51671437
50104270 49977576
60591505 38664458
53078733 52401794
51869357 51206613
61732773 40835127
44251915 44096674
52361233 51663847
41181194 39995457
69769802 69065622
50658196 50526995
38709364 37999152
44838297 44070619
53311674 52534148
40878251 40128613
44412519 44282265
51972279 51325263
44878605 44180441
43336970 43178872
39979697 39276108
51127103 50460595
51301251 51125736
41479443 40680952
40711676 39921592
70659082 69877729
38249552 37518628
51055713 50907582
44305737 44178815
40492189 39746573
40509668 39652701
39903242 39764380
50850682 44855559
39321668 39179438
54317278 53071298
47867263 47700773
41503729 41372103
53457213 51794929
40725433 39522666
40254289 39571877
45086423 44325467
53330663 51690050
38087336 37950643
52286080 51413269
39360481 39235828
51509145 50858978
39399863 38740568
56044848 51691081
49685129 49545863
45151678 44365533
39112560 38980707
43913336 43776879
46087060 45404302
49090466 40430934
40521569 39709958
53494636 52646861
40726444 39960104
47826823 47695823
56982340 52603212
41115870 40348093
51885357 51071100
46243068 44127777
40764845 39977694
39531998 39405995
52890372 52755495
40126685 39299739
43994423 43858641
40964881 40165623
39718016 39560256
41095160 40318681
44556444 44413638
43814721 41689948
52966596 50733146
44428752 44284585
50689633 49895130
62316648 41208503
50198175 48561595
59123334 50892807
39978152 39846379
55052456 52967490
43857061 43710314
42974959 39283855
39412293 39277629
39460469 38759817
44933379 44168684
38923365 38789374
44280084 44144931
44184175 44049022
44752396 44010125
38885642 38744929
40407877 39282402
50273427 50139605
44491635 44354251
49902362 49770032
45820324 43660286
55003371 52819305
50389378 50266269
53609506 51508616
38925167 38233205
39107305 38978631
39106759 38958434
51772370 51608663
52199283 50938275
50794713 50661987
43680844 43548934
40563186 39808862
44116490 43961914
48453276 47716330
40363917 39647662
47104176 46222256
50745780 49562057
46867471 45937506
48872212 48133381
39751778 39606349
51702654 50895822
53224646 53090162
40324541 39578613
40647254 39877252
40262925 40097188
44938278 44167952
44904991 44107337
52120717 51987288
44040960 41764522
52149769 51501236
52888708 52757594
45286098 44505182
44171351 43992013
52634662 52492718
50906034 50776348
39669558 38927469
40321803 39565431
51092132 50375897
51264752 51097697
60749400 40361616
50970520 50830796
42099354 39971185
38234164 38093797
53691340 52899651
69634946 67533569
41021007 38933006
51754378 48850720
52157972 52025287
40344188 39605074
49195406 49055111
52305982 51605039
40616254 39904156
37682290 37549637
56399104 52694376
39251364 39096102
39804710 39638948
64622613 40261860
48560271 47774155
40068934 39936033
47891197 47759920
54661063 48231986
51946032 50704701
51153796 50433097
38732812 38595821
52383526 51628504
43388905 43253598
40623062 39816481
51272539 51135345
39923881 39782717
39823987 39695716
42963616 39541937
44089537 43956866
50753794 49902332
40028850 39898721
54640333 53404881
61764954 40872220
61252380 53017650
39280948 39125713
52966544 52822587
40370507 39590103
41270450 40452435
55073003 48670585
53033276 51708970
44107980 43943345
40159744 39425865
39866654 39126756
51078649 50334295
39207254 38466296
60908060 38718799
40716612 39865170
50768651 50627046
40700001 39876997
50762814 49938057
40974810 40161005
52559663 52422895
39587714 39455053
44531235 44396782
50434999 49677043
50968140 50834615
52579939 51822208
52013646 51188075
53330617 52460267
53990314 50533828
39583114 38802712
39351086 39216788
40032781 39906991
52627521 51395163
38528390 38382878
48076317 47945794
51964331 51269255
38770273 38054493
40314711 39652694
40632782 39816189
46508571 45763024
40140824 39311831
51012333 50179323
39987346 39279989
40660700 39961186
40272568 39489327
41600407 40741996
43449856 43311773
52225735 50966950
51539878 48618337
51475443 51341096
50800772 44772868
63203805 40669555
48295416 48159160
40909044 40189764
52899197 52744231
53105951 52356189
53900322 53126442
41391870 40692583
53959781 53195788
56510354 52286759
47961138 47806908
44819077 44663785
53957588 53119662
39322164 39178709
52663507 51348143
45344829 44516581
39477665 39338817
47503937 46422667
44733421 44601916
52976032 52208223
50942868 50090562
48207090 47411508
52526784 50811326
50875736 50071808
50879908 50733676
52268019 51442899
41554059 40704093
40593221 39704383
52251738 50618754
51804355 51660459
40507884 39692050
39602719 38875621
46558053 46416280
51235654 49972075
39104946 38413271
42784965 39287207
51950787 51811401
49856918 49042969
39465660 38751495
39011262 38873565
44168967 44040083
52788595 52631301
67552811 66800766
51094666 49984900
52736053 52000277
37896931 37766711
51957086 51815797
52209065 51446710
48249446 47075442
44514080 44379343
52310157 51667805
50190259 48874753
48828717 48027717
52670309 52528921
41019318 40353664
41252041 40506280
41065327 40346000
52091989 51406684
40158992 39407356
52188587 51483150
53133811 53001057
52111250 51476344
60339297 40622764
52222531 52083941
52084072 49213328
39519439 39386978
52601704 52442445
40546338 39770466
38020764 37889954
39513632 38812860
45108627 44396915
52384936 51608166
39209977 39057863
39373479 39242055
44870754 44187397
48368452 39924355
40919022 40174478
51944023 51173869
51139780 50350415
51232355 51101621
44949836 44205775
54233566 48180802
40243377 39509013
38992606 38263083
51276028 47811563
40325176 39597337
38463656 38306055
59210413 51166194
38875789 38119980
45929253 45790400
47035839 46165288
46706686 45935225
49882320 49744011
50379951 50239183
38218493 38074483
47164213 46091241
43132375 39631967
58434883 50474672
48115496 47332304
52230072 51417921
47727993 47584588
39794695 39648011
44969496 44827772
45528808 45372040
53995953 53254637
54427259 53142901
54833892 52680964
55252614 48967733
38770989 38635116
42350848 40254927
46405155 45607093
51826288 51672933
48562522 47365565
45413385 45284393
45655584 44881447
51386879 50656066
44319104 44186280
51140252 51010388
50131281 49979387
52984319 52217811
50587379 50454847
44224811 44087299
40017455 39302895
43925616 43256241
43983536 43268655
52566525 51800148
52890177 52175098
40072789 39292896
42758815 40688264
40765392 40098153
52767611 52028941
41065777 40171116
48051037 47910615
46504977 45673895
51931460 51804064
45757686 45599867
51733904 51606141
40252541 39495365
39055347 38924686
52296128 51566939
51643757 51510750
39110494 38978747
47973849 47784866
52241155 50127039
52280190 51508122
53247975 49334271
40277016 39040392
43141071 43010550
39608196 38871062
52279843 52145875
52141969 52006920
40197551 40066229
50387592 50246250
53372841 52614749
39515206 38714459
52391095 51633096
52427246 51588827
40950282 40117542
52471314 51696048
51077182 49810578
40193784 40056485
52521971 51275637
53264427 52516308
53149309 52303707
52463871 50276594
39766232 39631896
51627204 51483197
39878348 39732507
39734478 39592207
50751459 50605890
54097837 53287418
40631172 39784955
48634234 47797549
40482698 39719225
53639390 50307230
51262257 50452512
40282546 39475949
40440500 40298711
42992703 39188640
39699944 39569130
40334244 39555679
55264374 49872023
41235978 40440065
52015763 51248403
40389069 39590421
55565069 50117923
49717771 48410700
52926251 52129736
45339385 44555698
50449411 49665718
39780950 38983889
48098796 47967497
40838905 39606279
41093775 40371899
52688474 50986217
58750730 50718786
48995085 48163266
49505676 48650531
44077778 43943903
49361430 49230721
52611539 50932609
49253296 47975493
53492880 51424105
50796588 50660780
49583344 48765602
54277871 48239097
48331752 47571892
51617094 50865747
50413866 50274423
40453318 39700784
53357983 52609209
52620532 51877594
48806449 40326055
38856881 38171744
40654236 38506677
60340058 52164146
44759470 44613627
39997985 39860907
40128837 39999074
62280480 41260833
49678218 48355411
53521973 53388065
39845835 39096107
40627354 39803611
53734701 52941514
40057077 39295203
61245841 40268892
51643680 50966065
60789566 40691203
52236105 51566371
49426306 49281685
40961034 40820405
45101097 44333071
55659692 49250731
53577475 50372797
44845577 44096607
50095721 49944934
47998768 47847753
53485575 51340014
50739781 50589923
53144502 53006649
50028323 43934836
44489545 43679361
40986286 39797987
53421996 52638769
50791287 50062909
52541377 52412886
48437727 47681869
39583177 39426247
39846413 39237137
44036624 43902931
51521303 49919302
53169341 53033261
53680030 51942638
69346936 68639412
54378378 52263763
40453498 39798040
39563476 39411812
52512240 51701528
54880266 52841317
40515997 39746847
48630846 40269989
53160254 52999858
39102650 38300014
41217729 40507322
53618040 52324069
53192325 52477924
50577354 50442793
50271483 49569456
51564510 51432495
50497933 50343066
39460463 38749009
45053647 44343656
55803148 53658683
40209498 40068231
69381465 67309590
47856837 47722854
44280988 44143580
50746727 49855486
39260743 39098049
47978386 47247381
41005884 40239737
50825943 50685793
52857160 52112647
51799437 51651666
52513116 49521002
47182106 45033317
40859906 40065924
38578117 37788917
56370334 54028072
51059408 50292354
39591697 39442546
43083947 40923542
45268511 45132695
49438147 48154208
50540816 50407409
61392523 40558672
54954583 49605476
47832144 47691806
52456914 51740395
53769324 52952774
45989490 45856037
50876914 50084608
50558618 50408945
38764761 38055159
38889115 38749585
44440252 44307185
51801161 50533787
56514880 52002498
48165776 48038350
53403532 52543736
48557564 47801191
39026061 38249912
47256486 46218210
47196843 46334024
52601384 51913068
40421783 40289177
51638235 51517667
39425075 38709137
52620441 51863574
41044331 39951051
40324285 39170174
46595204 45947421
53029960 52251551
43042776 39642943
53960292 53170966
51893743 50203332
51400740 50660778
48728565 39986961
49790765 48965641
53314627 52542346
49947461 49801711
51432124 50748447
44632907 43873584
40313988 39492550
40199131 40061660
52534673 51726478
50922088 50787881
40273696 39502194
41150866 40298209
52200714 52067841
49302337 48011553
52867837 52029321
39055410 38915900
56051523 51639675
52820114 51994549
50765387 50632723
40519712 39674734
38896977 38059905
39971489 39199603
39034184 38251387
38836404 38025832
